Symbol,Name
ABEV3.SA,Ambev SA
BBAS3.SA,Banco do Brasil NM
BBDC3.SA,Bradesco N1
BBDC4.SA,Bradesco Pfd N1
BBSE3.SA,BB Seguridade
BBTG11.SA,BTG PACT PART CDA
BRFS3.SA,BRF NM
BVMF3.SA,BMF Bovespa NM
CCRO3.SA,CCR NM
CIEL3.SA,Cielo
CPFE3.SA,CPFL Energia NM
CSAN3.SA,Cosan NM
CSNA3.SA,Sid Nacional
EGIE3.SA,ENGIE Brasil
ELET3.SA,Eletrobras N1
ELET6.SA,Eletrobras Pfd-B N1
HYPE3.SA,Hypermarcas NM
ITSA4.SA,Itausa Pfd N1
ITUB4.SA,Itauunibanco Pfd N1
JBSS3.SA,JBS NM
KLBN11.SA,KLABIN CDA
KROT3.SA,Kroton Educat NM
LAME3.SA,Lojas Americanas
LAME4.SA,Loja Americanas Pfd
LREN3.SA,Lojas Renner NM
NATU3.SA,Natura Cosmetics NM
PETR3.SA,Petrobras
PETR4.SA,Petroleo Bras Pfd
RADL3.SA,Raia Drogasil NM
SANB11.SA,Santander Br Uts N2
SBSP3.SA,Sabesp NM
TIMP3.SA,Tim Part NM
UGPA3.SA,Ultrapar NM
VALE3.SA,Vale N1
VALE5.SA,Vale Pfd-A N1
VIVT4.SA,Telefonica Br Pfd
WEGE3.SA,Weg NM
